2 0.29891304347826086 0.31133056133056136 0.04710144927536232 0.09875259875259876
2 0.2971014492753623 0.6533264033264033 0.043478260869565216 0.14864864864864866
2 0.24033816425120771 0.6070686070686071 0.036231884057971016 0.10395010395010396
2 0.2427536231884058 0.747920997920998 0.02898550724637681 0.07588357588357589
2 0.2681159420289855 0.7635135135135136 0.01932367149758454 0.08212058212058213
2 0.37077294685990336 0.4708939708939709 0.03140096618357488 0.12058212058212059
2 0.5561594202898551 0.34615384615384615 0.03502415458937198 0.10395010395010396
2 0.447463768115942 0.27702702702702703 0.018115942028985508 0.10083160083160084
2 0.42632850241545894 0.27702702702702703 0.024154589371980676 0.12370062370062371
2 0.6890096618357487 0.8024948024948025 0.02536231884057971 0.10395010395010396
2 0.3496376811594203 0.30093555093555097 0.020531400966183572 0.09251559251559252
2 0.5694444444444444 0.0893970893970894 0.04468599033816425 0.13097713097713098
2 0.5241545893719807 0.18295218295218296 0.026570048309178744 0.08731808731808732
2 0.125 0.18555093555093555 0.03985507246376811 0.09875259875259876
2 0.9589371980676328 0.6772349272349273 0.036231884057971016 0.10706860706860707
2 0.734903381642512 0.5535343035343036 0.02294685990338164 0.0841995841995842
2 0.8683574879227053 0.5582120582120582 0.05072463768115942 0.18711018711018712
2 0.43417874396135264 0.12681912681912683 0.03260869565217391 0.1392931392931393
2 0.13405797101449274 0.3128898128898129 0.03864734299516908 0.07484407484407485
2 0.04589371980676328 0.38513513513513514 0.041062801932367145 0.0841995841995842
2 0.38103864734299514 0.1606029106029106 0.020531400966183572 0.13201663201663202
2 0.7065217391304347 0.6278586278586279 0.03140096618357488 0.12266112266112267
2 0.7971014492753623 0.3892931392931393 0.01932367149758454 0.11122661122661123
2 0.7270531400966184 0.8830561330561331 0.03140096618357488 0.09043659043659044
2 0.5144927536231884 0.3965696465696466 0.026570048309178744 0.10706860706860707
2 0.5338164251207729 0.5914760914760915 0.024154589371980676 0.1288981288981289
2 0.8991545893719807 0.6632016632016633 0.03260869565217391 0.056133056133056136
2 0.3297101449275362 0.8492723492723493 0.021739130434782608 0.07068607068607069
2 0.663647342995169 0.420997920997921 0.03260869565217391 0.13305613305613306
