0 0.568359375 0.513671875 0.20703125 0.73828125
1 0.61328125 0.509765625 0.078125 0.05859375
1 0.6015625 0.376953125 0.078125 0.06640625
1 0.513671875 0.197265625 0.05078125 0.03515625
1 0.615234375 0.62890625 0.05078125 0.0625
1 0.62109375 0.82421875 0.09375 0.0546875
1 0.509765625 0.3671875 0.06640625 0.1015625
1 0.56640625 0.306640625 0.0546875 0.05078125
1 0.513671875 0.73828125 0.05078125 0.0703125
1 0.470703125 0.583984375 0.05859375 0.05859375
1 0.5859375 0.212890625 0.046875 0.06640625
2 0.728515625 0.40234375 0.04296875 0.1171875
