2 0.34858681022880217 0.4415461973601509 0.10767160161507403 0.14896291640477688
2 0.23687752355316286 0.6253928346951603 0.08075370121130551 0.10936517913262099
2 0.30686406460296095 0.5939660590823381 0.059219380888290714 0.07668133249528598
2 0.18236877523553163 0.6715901948460088 0.052489905787348586 0.04714016341923319
2 0.5161507402422612 0.5037712130735387 0.04979811574697174 0.071024512884978
2 0.6244952893674294 0.538340666247643 0.05652759084791387 0.044626021370207415
2 0.7698519515477793 0.31615336266499056 0.07806191117092867 0.09050911376492772
2 0.8815612382234186 0.3761785040854808 0.09152086137281293 0.12256442489000628
2 0.7779273216689099 0.6433060967944689 0.06191117092866756 0.07605279698302954
2 0.6897711978465679 0.8340666247642992 0.05518169582772544 0.10810810810810811
2 0.49057873485868103 0.8431803896920176 0.06864064602960969 0.06348208673790069
2 0.5275908479138627 0.9506599622878693 0.045760430686406464 0.06222501571338781
2 0.5585464333781965 0.6574481458202388 0.03499327052489906 0.19484600879949718
2 0.5269179004037685 0.6747328724072911 0.02557200538358008 0.15776241357636706
