2 0.4699074074074074 0.49382716049382713 0.19907407407407407 0.04938271604938271
2 0.5844907407407407 0.6373456790123456 0.12268518518518517 0.06481481481481481
2 0.5381944444444444 0.7453703703703703 0.09027777777777778 0.046296296296296294
2 0.12037037037037036 0.8858024691358024 0.1111111111111111 0.05555555555555555
2 0.75 0.5802469135802468 0.11574074074074073 0.07407407407407407
2 0.875 0.5509259259259259 0.125 0.040123456790123455
2 0.9641203703703703 0.5879629629629629 0.0625 0.046296296296296294
2 0.6400462962962963 0.38580246913580246 0.06712962962962962 0.06172839506172839
2 0.32870370370370366 0.38580246913580246 0.1388888888888889 0.06172839506172839
2 0.20601851851851852 0.3333333333333333 0.2037037037037037 0.06172839506172839
2 0.08333333333333333 0.37191358024691357 0.16666666666666666 0.05864197530864197
2 0.548611111111111 0.19135802469135801 0.12962962962962962 0.037037037037037035
2 0.892361111111111 0.19135802469135801 0.07638888888888888 0.043209876543209874
2 0.4131944444444444 0.2006172839506173 0.09953703703703703 0.04938271604938271
2 0.6666666666666666 0.27469135802469136 0.07407407407407407 0.037037037037037035
