1 0.69140625 0.345703125 0.0546875 0.06640625
1 0.521484375 0.349609375 0.05859375 0.06640625
1 0.505859375 0.73046875 0.05078125 0.0546875
1 0.5703125 0.22265625 0.0703125 0.0546875
1 0.474609375 0.576171875 0.05078125 0.07421875
1 0.8203125 0.314453125 0.0859375 0.10546875
1 0.740234375 0.45703125 0.08203125 0.0859375
1 0.7265625 0.5546875 0.1015625 0.0859375
1 0.330078125 0.7421875 0.08203125 0.078125
2 0.67578125 0.828125 0.0390625 0.0859375
1 0.66015625 0.802734375 0.0390625 0.05078125
2 0.79296875 0.87109375 0.0703125 0.0859375
1 0.80859375 0.833984375 0.046875 0.05078125
1 0.275390625 0.84765625 0.08984375 0.078125
1 0.65625 0.083984375 0.09375 0.09765625
1 0.85546875 0.755859375 0.09375 0.08203125
1 0.8984375 0.142578125 0.09375 0.09765625
