0 0.40625 0.37109375 0.15625 0.71875
1 0.318359375 0.056640625 0.04296875 0.03515625
1 0.294921875 0.40234375 0.02734375 0.03125
1 0.576171875 0.107421875 0.02734375 0.04296875
1 0.732421875 0.064453125 0.04296875 0.05078125
1 0.712890625 0.154296875 0.06640625 0.07421875
1 0.609375 0.193359375 0.046875 0.04296875
1 0.607421875 0.685546875 0.03515625 0.05078125
0 0.421875 0.880859375 0.1328125 0.22265625
2 0.666015625 0.681640625 0.04296875 0.05859375
2 0.146484375 0.716796875 0.07421875 0.07421875
1 0.13671875 0.21484375 0.0703125 0.0703125
1 0.75390625 0.294921875 0.1171875 0.06640625
2 0.076171875 0.32421875 0.04296875 0.0859375
