0 0.5625 0.298828125 0.1171875 0.58984375
1 0.74609375 0.380859375 0.0625 0.12890625
1 0.138671875 0.169921875 0.25390625 0.33203125
1 0.052734375 0.4609375 0.06640625 0.0859375
1 0.36328125 0.373046875 0.0625 0.09765625
1 0.44140625 0.595703125 0.0859375 0.16015625
1 0.412109375 0.8359375 0.08984375 0.09375
1 0.587890625 0.703125 0.10546875 0.09375
1 0.6015625 0.57421875 0.078125 0.0625
1 0.544921875 0.4609375 0.04296875 0.0546875
1 0.51953125 0.591796875 0.046875 0.05078125
1 0.60546875 0.072265625 0.0546875 0.05859375
1 0.447265625 0.05078125 0.07421875 0.0625
1 0.42578125 0.119140625 0.0546875 0.06640625
1 0.095703125 0.779296875 0.08203125 0.07421875
