2 0.33392018779342725 0.2378716744913928 0.15140845070422534 0.0782472613458529
2 0.9066901408450705 0.7198748043818467 0.16549295774647887 0.06259780907668232
2 0.4113849765258216 0.6870109546165885 0.4823943661971831 0.08450704225352113
2 0.6901408450704225 0.7417840375586855 0.20187793427230047 0.046948356807511735
2 0.7940140845070423 0.8348982785602505 0.3955399061032864 0.0892018779342723
2 0.1643192488262911 0.4593114241001565 0.1807511737089202 0.06103286384976526
2 0.7805164319248826 0.32942097026604067 0.4225352112676056 0.057902973395931145
2 0.7699530516431925 0.36932707355242567 0.2652582159624413 0.04068857589984351
2 0.16666666666666666 0.14241001564945227 0.22535211267605634 0.050078247261345854
2 0.1396713615023474 0.033646322378716745 0.1596244131455399 0.048513302034428794
