2 0.591796875 0.353515625 0.07421875 0.13671875
2 0.666015625 0.361328125 0.05078125 0.12109375
2 0.345703125 0.556640625 0.06640625 0.19140625
2 0.421875 0.759765625 0.0703125 0.10546875
2 0.5 0.818359375 0.0546875 0.11328125
2 0.75 0.92578125 0.0625 0.109375
2 0.58203125 0.24609375 0.0546875 0.1171875
2 0.69140625 0.064453125 0.0703125 0.11328125
2 0.357421875 0.095703125 0.06640625 0.13671875
2 0.16015625 0.2734375 0.046875 0.1484375
2 0.076171875 0.83984375 0.07421875 0.1796875
2 0.400390625 0.935546875 0.08203125 0.09765625
