0 0.78125 0.751953125 0.140625 0.46484375
1 0.8359375 0.6171875 0.03125 0.0390625
1 0.818359375 0.541015625 0.04296875 0.05078125
1 0.763671875 0.51953125 0.05078125 0.046875
1 0.7734375 0.673828125 0.03125 0.03515625
1 0.751953125 0.58984375 0.03515625 0.046875
1 0.80078125 0.970703125 0.03125 0.03515625
1 0.73828125 0.9140625 0.0390625 0.0390625
1 0.693359375 0.8125 0.03515625 0.03125
1 0.71875 0.62890625 0.0234375 0.03125
1 0.888671875 0.75 0.06640625 0.1015625
2 0.607421875 0.8046875 0.05859375 0.0703125
2 0.568359375 0.873046875 0.06640625 0.14453125
1 0.541015625 0.859375 0.03515625 0.03125
1 0.544921875 0.916015625 0.03515625 0.03515625
1 0.615234375 0.89453125 0.04296875 0.0390625
1 0.6171875 0.77734375 0.0390625 0.046875
1 0.58203125 0.287109375 0.140625 0.19921875
1 0.541015625 0.4765625 0.22265625 0.2109375
1 0.220703125 0.203125 0.12890625 0.1171875
