2 0.45 0.2923728813559322 0.09333333333333334 0.059322033898305086
2 0.89 0.23516949152542374 0.10666666666666667 0.07203389830508475
2 0.6616666666666667 0.15254237288135594 0.11 0.059322033898305086
2 0.5333333333333333 0.1843220338983051 0.11333333333333334 0.08050847457627118
2 0.64 0.2627118644067797 0.1 0.059322033898305086
2 0.8333333333333334 0.3050847457627119 0.08666666666666667 0.07627118644067797
2 0.935 0.4470338983050847 0.10333333333333335 0.046610169491525424
2 0.8316666666666667 0.4830508474576271 0.23 0.0847457627118644
2 0.5116666666666667 0.4300847457627119 0.09000000000000001 0.038135593220338986
2 0.675 0.586864406779661 0.33 0.1059322033898305
2 0.41833333333333333 0.7944915254237288 0.1366666666666667 0.0635593220338983
2 0.21833333333333335 0.5783898305084746 0.22333333333333336 0.08898305084745763
2 0.32333333333333336 0.3389830508474576 0.22 0.06779661016949153
2 0.11666666666666667 0.3220338983050847 0.13333333333333333 0.059322033898305086
2 0.13 0.2457627118644068 0.12000000000000001 0.059322033898305086
2 0.06833333333333334 0.1906779661016949 0.1366666666666667 0.05084745762711865
2 0.8216666666666668 0.8516949152542372 0.11 0.0423728813559322
2 0.7183333333333334 0.8813559322033898 0.08333333333333334 0.0423728813559322
