2 0.5829493087557603 0.6885245901639344 0.08755760368663594 0.045081967213114756
2 0.2887864823348694 0.5153688524590164 0.04608294930875576 0.026639344262295084
2 0.445468509984639 0.4436475409836066 0.10445468509984639 0.0430327868852459
2 0.4700460829493088 0.5184426229508197 0.05837173579109063 0.03278688524590164
2 0.8294930875576036 0.7172131147540984 0.07680491551459294 0.02459016393442623
2 0.8018433179723502 0.6875 0.05222734254992319 0.03073770491803279
2 0.6774193548387096 0.6680327868852459 0.043010752688172046 0.028688524590163935
2 0.4869431643625192 0.6854508196721312 0.04915514592933948 0.0430327868852459
2 0.543010752688172 0.45696721311475413 0.05069124423963134 0.02459016393442623
2 0.8709677419354839 0.5563524590163935 0.04915514592933948 0.03073770491803279
2 0.705837173579109 0.6127049180327869 0.1152073732718894 0.036885245901639344
2 0.5076804915514593 0.6362704918032788 0.059907834101382486 0.026639344262295084
2 0.41013824884792627 0.6034836065573771 0.05529953917050691 0.0389344262295082
2 0.6029185867895546 0.48975409836065575 0.059907834101382486 0.028688524590163935
