0 0.857421875 0.576171875 0.19921875 0.69921875
2 0.544921875 0.357421875 0.04296875 0.12109375
2 0.6640625 0.357421875 0.0390625 0.08984375
2 0.6328125 0.419921875 0.0390625 0.07421875
2 0.62890625 0.701171875 0.0390625 0.09765625
2 0.521484375 0.53125 0.03515625 0.09375
2 0.328125 0.896484375 0.0546875 0.07421875
2 0.1640625 0.298828125 0.0625 0.17578125
2 0.287109375 0.791015625 0.04296875 0.05859375
2 0.240234375 0.83984375 0.04296875 0.046875
2 0.439453125 0.1328125 0.02734375 0.1328125
2 0.400390625 0.876953125 0.04296875 0.09765625
2 0.171875 0.87109375 0.046875 0.078125
1 0.767578125 0.408203125 0.03515625 0.02734375
1 0.72265625 0.451171875 0.03125 0.03515625
1 0.6640625 0.541015625 0.046875 0.03515625
1 0.537109375 0.69140625 0.10546875 0.0546875
1 0.259765625 0.76171875 0.04296875 0.03125
1 0.27734375 0.8046875 0.03125 0.0234375
1 0.576171875 0.43359375 0.04296875 0.0546875
1 0.509765625 0.255859375 0.08203125 0.05859375
1 0.31640625 0.318359375 0.078125 0.05078125
1 0.755859375 0.6328125 0.06640625 0.0546875
2 0.53125 0.09375 0.0390625 0.1640625
