0 0.455078125 0.478515625 0.16796875 0.59765625
1 0.68359375 0.154296875 0.0625 0.09765625
1 0.6875 0.28125 0.0859375 0.078125
1 0.75 0.40625 0.078125 0.09375
1 0.689453125 0.826171875 0.08984375 0.10546875
1 0.693359375 0.5078125 0.08203125 0.09375
1 0.6796875 0.63671875 0.09375 0.1015625
1 0.541015625 0.908203125 0.11328125 0.11328125
1 0.42578125 0.8671875 0.09375 0.078125
1 0.9296875 0.80078125 0.078125 0.09375
1 0.939453125 0.66015625 0.06640625 0.0703125
1 0.904296875 0.224609375 0.05078125 0.08203125
1 0.810546875 0.091796875 0.06640625 0.08984375
1 0.546875 0.53515625 0.0625 0.0546875
1 0.37890625 0.603515625 0.0546875 0.05859375
1 0.53125 0.337890625 0.0625 0.07421875
