2 0.283203125 0.154296875 0.05859375 0.16796875
1 0.7265625 0.373046875 0.1640625 0.10546875
1 0.6171875 0.427734375 0.0703125 0.05859375
1 0.517578125 0.427734375 0.05078125 0.05078125
1 0.556640625 0.369140625 0.04296875 0.04296875
1 0.224609375 0.41015625 0.06640625 0.0625
1 0.453125 0.130859375 0.0703125 0.04296875
1 0.365234375 0.134765625 0.05078125 0.05859375
1 0.169921875 0.90234375 0.08203125 0.0625
1 0.513671875 0.8515625 0.06640625 0.0546875
1 0.666015625 0.953125 0.10546875 0.0625
2 0.091796875 0.162109375 0.05078125 0.09765625
2 0.333984375 0.544921875 0.06640625 0.17578125
