0 0.490234375 0.48828125 0.20703125 0.9375
1 0.380859375 0.267578125 0.08984375 0.10546875
1 0.427734375 0.072265625 0.04296875 0.05859375
1 0.373046875 0.06640625 0.06640625 0.0625
1 0.603515625 0.15625 0.05078125 0.0546875
1 0.564453125 0.41796875 0.05078125 0.0703125
1 0.583984375 0.57421875 0.03515625 0.0390625
1 0.40625 0.62109375 0.078125 0.1640625
1 0.685546875 0.31640625 0.13671875 0.1328125
1 0.72265625 0.509765625 0.15625 0.18359375
1 0.251953125 0.25 0.15234375 0.1171875
1 0.279296875 0.515625 0.12890625 0.1015625
1 0.689453125 0.13671875 0.08203125 0.1015625
