0 0.716796875 0.37890625 0.19921875 0.6484375
1 0.650390625 0.17578125 0.05859375 0.0625
1 0.791015625 0.181640625 0.05078125 0.05859375
1 0.791015625 0.50390625 0.03515625 0.0390625
1 0.630859375 0.07421875 0.05859375 0.078125
1 0.77734375 0.283203125 0.046875 0.10546875
2 0.462890625 0.3046875 0.06640625 0.1171875
2 0.521484375 0.5078125 0.06640625 0.0859375
2 0.41015625 0.419921875 0.0625 0.07421875
2 0.44921875 0.646484375 0.0546875 0.06640625
2 0.400390625 0.9296875 0.06640625 0.078125
2 0.080078125 0.82421875 0.06640625 0.0859375
2 0.078125 0.609375 0.046875 0.0703125
2 0.095703125 0.455078125 0.05078125 0.13671875
2 0.208984375 0.3046875 0.05078125 0.203125
1 0.42578125 0.419921875 0.0390625 0.04296875
1 0.509765625 0.513671875 0.01953125 0.02734375
1 0.111328125 0.38671875 0.04296875 0.0625
1 0.892578125 0.255859375 0.05078125 0.07421875
1 0.216796875 0.75390625 0.12890625 0.1484375
