0 0.509765625 0.4921875 0.16015625 0.40625
1 0.43359375 0.369140625 0.0546875 0.05078125
1 0.48046875 0.310546875 0.0625 0.04296875
1 0.4765625 0.607421875 0.0703125 0.08203125
1 0.419921875 0.509765625 0.05859375 0.04296875
1 0.30859375 0.10546875 0.0546875 0.0625
1 0.193359375 0.1953125 0.06640625 0.0546875
1 0.15234375 0.251953125 0.0546875 0.04296875
2 0.07421875 0.533203125 0.0859375 0.33984375
2 0.22265625 0.59375 0.0625 0.203125
2 0.712890625 0.6875 0.05078125 0.140625
2 0.203125 0.916015625 0.078125 0.12890625
2 0.05078125 0.810546875 0.078125 0.12890625
2 0.90625 0.5625 0.0546875 0.109375
1 0.955078125 0.37890625 0.07421875 0.078125
1 0.806640625 0.296875 0.03515625 0.0625
1 0.873046875 0.734375 0.09765625 0.078125
1 0.8359375 0.15234375 0.0546875 0.0546875
