0 0.7578125 0.474609375 0.1640625 0.59765625
2 0.568359375 0.017578125 0.06640625 0.04296875
2 0.544921875 0.23828125 0.04296875 0.0625
2 0.556640625 0.361328125 0.04296875 0.05859375
2 0.611328125 0.39453125 0.03515625 0.046875
2 0.587890625 0.634765625 0.02734375 0.04296875
2 0.212890625 0.599609375 0.03515625 0.05078125
2 0.5078125 0.642578125 0.0625 0.05078125
2 0.470703125 0.1484375 0.05078125 0.046875
1 0.8125 0.453125 0.046875 0.0703125
1 0.65234375 0.09375 0.0703125 0.0625
1 0.759765625 0.232421875 0.05078125 0.05859375
1 0.26953125 0.783203125 0.1875 0.13671875
1 0.166015625 0.359375 0.11328125 0.140625
1 0.142578125 0.166015625 0.16015625 0.17578125
1 0.34375 0.560546875 0.1484375 0.19140625
1 0.640625 0.896484375 0.1953125 0.14453125
1 0.423828125 0.2265625 0.05859375 0.0546875
1 0.44921875 0.3515625 0.0625 0.0859375
1 0.099609375 0.533203125 0.08984375 0.08203125
