2 0.40234375 0.29296875 0.0546875 0.109375
2 0.423828125 0.43359375 0.03515625 0.1328125
0 0.470703125 0.560546875 0.09765625 0.83203125
2 0.2578125 0.1953125 0.0390625 0.3828125
2 0.1953125 0.203125 0.0390625 0.40625
1 0.681640625 0.330078125 0.02734375 0.04296875
1 0.6796875 0.486328125 0.03125 0.05859375
1 0.607421875 0.150390625 0.05078125 0.05078125
1 0.72265625 0.025390625 0.03125 0.04296875
1 0.69921875 0.1875 0.03125 0.0390625
1 0.552734375 0.45703125 0.05859375 0.0703125
1 0.66796875 0.78515625 0.0390625 0.0625
