2 0.27902621722846443 0.23142857142857143 0.033707865168539325 0.05714285714285714
2 0.2883895131086142 0.4085714285714286 0.0749063670411985 0.14857142857142858
2 0.7546816479400749 0.3871428571428571 0.026217228464419477 0.08857142857142856
2 0.8801498127340824 0.43714285714285717 0.02247191011235955 0.08
2 0.6779026217228464 0.8485714285714285 0.03745318352059925 0.10857142857142857
2 0.23595505617977527 0.23285714285714285 0.052434456928838954 0.14
2 0.3464419475655431 0.2642857142857143 0.026217228464419477 0.08285714285714285
2 0.28651685393258425 0.5628571428571428 0.06367041198501873 0.12
2 0.34831460674157305 0.5785714285714286 0.0599250936329588 0.13428571428571429
2 0.48314606741573035 0.06571428571428571 0.03745318352059925 0.06857142857142857
2 0.41385767790262173 0.18428571428571427 0.04119850187265918 0.07142857142857142
2 0.7228464419475655 0.8271428571428572 0.03745318352059925 0.06571428571428571
2 0.6142322097378278 0.05 0.02247191011235955 0.06571428571428571
