2 0.5277777777777778 0.497037037037037 0.11333333333333333 0.045925925925925926
2 0.5927777777777777 0.4548148148148148 0.09666666666666666 0.04444444444444444
2 0.7077777777777777 0.44370370370370366 0.08222222222222222 0.05185185185185185
2 0.18555555555555556 0.4222222222222222 0.08222222222222222 0.029629629629629627
2 0.15944444444444444 0.4829629629629629 0.10777777777777778 0.04148148148148148
2 0.1527777777777778 0.4422222222222222 0.0811111111111111 0.03111111111111111
2 0.425 0.72 0.0811111111111111 0.06222222222222222
2 0.3477777777777778 0.7866666666666666 0.08222222222222222 0.047407407407407405
2 0.47 0.7992592592592592 0.09333333333333334 0.05185185185185185
2 0.7283333333333334 0.8162962962962963 0.07666666666666666 0.056296296296296296
2 0.9294444444444444 0.8237037037037037 0.09444444444444444 0.056296296296296296
2 0.5811111111111111 0.35037037037037033 0.051111111111111114 0.04
2 0.245 0.3896296296296296 0.052222222222222225 0.038518518518518514
2 0.32611111111111113 0.34148148148148144 0.06111111111111111 0.04
2 0.9266666666666666 0.5844444444444444 0.06 0.045925925925925926
2 0.9205555555555556 0.6844444444444444 0.06555555555555556 0.05333333333333333
2 0.5777777777777777 0.677037037037037 0.07333333333333333 0.05037037037037037
2 0.6938888888888889 0.5192592592592592 0.06555555555555556 0.04
2 0.07833333333333334 0.2911111111111111 0.052222222222222225 0.03407407407407407
2 0.20555555555555555 0.2985185185185185 0.05555555555555555 0.045925925925925926
