2 0.6171875 0.279296875 0.0234375 0.10546875
2 0.8828125 0.359375 0.0390625 0.09375
2 0.71484375 0.634765625 0.0390625 0.08984375
2 0.763671875 0.623046875 0.03515625 0.07421875
2 0.857421875 0.49609375 0.03515625 0.078125
2 0.80078125 0.671875 0.0234375 0.109375
2 0.8359375 0.60546875 0.0390625 0.0859375
2 0.626953125 0.681640625 0.05078125 0.11328125
2 0.3515625 0.83984375 0.0546875 0.125
2 0.453125 0.734375 0.0390625 0.0859375
2 0.431640625 0.373046875 0.05078125 0.08203125
2 0.798828125 0.365234375 0.02734375 0.08203125
2 0.44921875 0.55078125 0.046875 0.1640625
2 0.68359375 0.189453125 0.0234375 0.05859375
