2 0.31493506493506496 0.5468277945619335 0.0551948051948052 0.060422960725075525
2 0.34983766233766234 0.622356495468278 0.04707792207792208 0.04229607250755287
2 0.38068181818181823 0.5845921450151057 0.034090909090909095 0.03927492447129909
2 0.26785714285714285 0.6314199395770392 0.07792207792207792 0.060422960725075525
2 0.6607142857142858 0.8700906344410876 0.06493506493506494 0.04229607250755287
2 0.6371753246753247 0.9154078549848943 0.040584415584415584 0.054380664652567974
2 0.8051948051948052 0.8625377643504532 0.05194805194805195 0.0513595166163142
2 0.8043831168831169 0.9259818731117825 0.06006493506493507 0.045317220543806644
2 0.7061688311688312 0.6722054380664653 0.061688311688311695 0.0513595166163142
2 0.7491883116883118 0.5649546827794562 0.04707792207792208 0.04833836858006042
2 0.9090909090909092 0.7628398791540786 0.048701298701298704 0.03323262839879154
2 0.413961038961039 0.8187311178247734 0.04220779220779221 0.030211480362537763
2 0.061688311688311695 0.525679758308157 0.05844155844155845 0.054380664652567974
2 0.200487012987013 0.6963746223564955 0.04383116883116883 0.03927492447129909
2 0.14366883116883117 0.7930513595166163 0.040584415584415584 0.03927492447129909
