2 0.30625 0.18172484599589322 0.0425 0.034907597535934295
2 0.44375000000000003 0.24537987679671458 0.0425 0.059548254620123205
2 0.43125 0.15811088295687886 0.0425 0.06160164271047228
2 0.2975 0.4609856262833676 0.045 0.07597535934291581
2 0.4 0.5215605749486654 0.045 0.053388090349075976
2 0.37875000000000003 0.41991786447638607 0.0375 0.043121149897330596
2 0.5375 0.5995893223819302 0.035 0.05749486652977413
2 0.61375 0.4219712525667351 0.0375 0.06365503080082136
2 0.6725 0.49178644763860374 0.035 0.055441478439425054
2 0.40625 0.5924024640657084 0.0375 0.051334702258726904
2 0.36625 0.7597535934291582 0.0475 0.053388090349075976
2 0.7212500000000001 0.6909650924024641 0.0375 0.06365503080082136
2 0.57375 0.6930184804928131 0.0525 0.055441478439425054
2 0.46875 0.8121149897330596 0.0625 0.039014373716632446
2 0.245 0.4065708418891171 0.04 0.06160164271047228
