1 0.857421875 0.07421875 0.08203125 0.078125
1 0.923828125 0.58984375 0.08203125 0.1015625
1 0.853515625 0.751953125 0.08203125 0.09765625
1 0.1015625 0.81640625 0.0625 0.078125
1 0.16796875 0.40234375 0.0625 0.0859375
1 0.3984375 0.466796875 0.0703125 0.06640625
1 0.6796875 0.0390625 0.078125 0.0625
1 0.228515625 0.12109375 0.09765625 0.0703125
1 0.935546875 0.439453125 0.08984375 0.13671875
1 0.67578125 0.50390625 0.0546875 0.0859375
1 0.546875 0.861328125 0.09375 0.19140625
1 0.359375 0.724609375 0.1640625 0.14453125
0 0.404296875 0.26171875 0.15234375 0.5234375
