2 0.5706018518518519 0.26752767527675275 0.048611111111111105 0.025830258302583026
2 0.4861111111111111 0.40036900369003686 0.05555555555555555 0.033210332103321034
2 0.6145833333333333 0.33210332103321033 0.10416666666666666 0.05904059040590406
2 0.4409722222222222 0.4446494464944649 0.05324074074074074 0.033210332103321034
2 0.90625 0.16236162361623616 0.07175925925925926 0.02952029520295203
2 0.33796296296296297 0.5202952029520295 0.07870370370370369 0.04428044280442804
2 0.75 0.7195571955719557 0.041666666666666664 0.03690036900369004
2 0.23958333333333331 0.8616236162361623 0.06712962962962962 0.055350553505535055
2 0.28935185185185186 0.8634686346863468 0.041666666666666664 0.04428044280442804
2 0.7395833333333333 0.1143911439114391 0.04398148148148148 0.02952029520295203
2 0.6458333333333333 0.6734317343173432 0.041666666666666664 0.047970479704797044
2 0.9155092592592592 0.5535055350553505 0.06712962962962962 0.02952029520295203
2 0.18518518518518517 0.933579335793358 0.06018518518518518 0.04428044280442804
