0 0.279296875 0.5546875 0.16796875 0.421875
1 0.37890625 0.35546875 0.1484375 0.1171875
1 0.255859375 0.333984375 0.09765625 0.06640625
1 0.375 0.615234375 0.0390625 0.04296875
1 0.224609375 0.67578125 0.05078125 0.046875
1 0.173828125 0.61328125 0.04296875 0.0625
1 0.53125 0.1171875 0.0859375 0.1328125
1 0.84765625 0.16015625 0.2890625 0.1875
1 0.806640625 0.34375 0.27734375 0.140625
1 0.28125 0.18359375 0.1875 0.078125
1 0.556640625 0.615234375 0.18359375 0.13671875
1 0.189453125 0.435546875 0.05078125 0.05859375
