2 0.17666666666666667 0.17539267015706808 0.04666666666666667 0.12041884816753927
2 0.25 0.10732984293193717 0.06666666666666667 0.14136125654450263
2 0.32666666666666666 0.05759162303664922 0.05333333333333334 0.12565445026178013
2 0.2816666666666667 0.3481675392670157 0.06333333333333334 0.1099476439790576
2 0.4 0.43455497382198954 0.060000000000000005 0.15706806282722513
2 0.4916666666666667 0.3298429319371728 0.09666666666666668 0.2617801047120419
2 0.5766666666666667 0.418848167539267 0.060000000000000005 0.19895287958115185
2 0.6016666666666667 0.6596858638743456 0.07 0.15706806282722513
2 0.7383333333333334 0.3193717277486911 0.05 0.11518324607329844
2 0.9 0.3272251308900524 0.03333333333333333 0.08900523560209425
2 0.6466666666666667 0.5287958115183247 0.05333333333333334 0.12565445026178013
2 0.8483333333333334 0.93717277486911 0.05666666666666667 0.10471204188481675
2 0.8750000000000001 0.5863874345549739 0.09000000000000001 0.1780104712041885
2 0.8200000000000001 0.6387434554973822 0.04666666666666667 0.09424083769633508
2 0.8 0.3298429319371728 0.05333333333333334 0.11518324607329844
