0 0.400390625 0.4375 0.12890625 0.640625
2 0.625 0.75390625 0.0625 0.1171875
2 0.779296875 0.45703125 0.04296875 0.140625
1 0.728515625 0.578125 0.05078125 0.0703125
1 0.638671875 0.595703125 0.04296875 0.04296875
1 0.50390625 0.560546875 0.046875 0.08984375
1 0.427734375 0.6484375 0.03515625 0.0390625
1 0.296875 0.36328125 0.0546875 0.0546875
2 0.263671875 0.6328125 0.05078125 0.1015625
1 0.126953125 0.685546875 0.05859375 0.07421875
1 0.16796875 0.546875 0.078125 0.0859375
1 0.638671875 0.3125 0.13671875 0.140625
1 0.208984375 0.21484375 0.08203125 0.078125
1 0.15234375 0.345703125 0.0703125 0.06640625
1 0.10546875 0.408203125 0.078125 0.02734375
2 0.826171875 0.58984375 0.02734375 0.0703125
