2 0.275 0.30677966101694915 0.08 0.06779661016949153
2 0.3525 0.2872881355932203 0.055 0.06949152542372881
2 0.5650000000000001 0.26101694915254237 0.04 0.04067796610169491
2 0.2675 0.3983050847457627 0.055 0.0576271186440678
2 0.3675 0.5186440677966102 0.055 0.06440677966101695
2 0.4975 0.5627118644067797 0.055 0.09491525423728814
2 0.5625 0.5983050847457627 0.045 0.05423728813559322
2 0.24 0.6627118644067796 0.09 0.03728813559322034
2 0.15 0.6991525423728814 0.08 0.04915254237288135
2 0.735 0.4152542372881356 0.07 0.10847457627118644
2 0.7000000000000001 0.5110169491525424 0.05 0.05254237288135593
2 0.5025000000000001 0.22203389830508474 0.065 0.0576271186440678
2 0.36 0.44661016949152543 0.05 0.06271186440677966
2 0.3275 0.5288135593220339 0.055 0.06779661016949153
2 0.7425 0.5728813559322034 0.055 0.06440677966101695
2 0.775 0.6516949152542373 0.06 0.06610169491525424
