2 0.4361111111111111 0.2785016286644951 0.06851851851851852 0.05863192182410424
2 0.5175925925925926 0.5936482084690554 0.06666666666666667 0.07003257328990228
2 0.6430555555555556 0.7198697068403909 0.0638888888888889 0.04560260586319218
2 0.7148148148148148 0.6123778501628665 0.05 0.048859934853420196
2 0.4759259259259259 0.016286644951140065 0.06296296296296297 0.03257328990228013
2 0.02175925925925926 0.06677524429967427 0.04537037037037037 0.02931596091205212
2 0.04166666666666667 0.45032573289902283 0.05555555555555556 0.04071661237785017
2 0.0462962962962963 0.40472312703583063 0.0462962962962963 0.03420195439739414
2 0.1087962962962963 0.42671009771986973 0.0638888888888889 0.03257328990228013
2 0.3050925925925926 0.5130293159609121 0.08981481481481482 0.03908794788273616
2 0.312962962962963 0.5578175895765473 0.05740740740740741 0.030944625407166124
2 0.31666666666666665 0.6921824104234529 0.05185185185185186 0.03257328990228013
2 0.5439814814814815 0.8566775244299675 0.12314814814814816 0.06188925081433225
2 0.9476851851851852 0.06921824104234528 0.08240740740740742 0.07003257328990228
2 0.5472222222222223 0.9348534201954398 0.08518518518518518 0.055374592833876225
2 0.16944444444444445 0.6677524429967427 0.08333333333333334 0.05863192182410424
