2 0.405 0.3692893401015228 0.13285714285714287 0.06345177664974619
2 0.8328571428571429 0.2766497461928934 0.054285714285714284 0.04568527918781726
2 0.7228571428571429 0.35406091370558374 0.15714285714285714 0.06345177664974619
2 0.5807142857142857 0.33883248730964466 0.12714285714285714 0.05837563451776649
2 0.6114285714285714 0.30710659898477155 0.10285714285714286 0.04568527918781726
2 0.32 0.18274111675126903 0.10285714285714286 0.07106598984771573
2 0.06928571428571428 0.20558375634517764 0.09857142857142857 0.06598984771573603
2 0.13142857142857142 0.1281725888324873 0.07142857142857142 0.04314720812182741
2 0.205 0.36040609137055835 0.15571428571428572 0.050761421319796954
2 0.08357142857142857 0.30710659898477155 0.13 0.050761421319796954
2 0.185 0.4428934010152284 0.1357142857142857 0.04314720812182741
2 0.19071428571428573 0.482233502538071 0.19285714285714287 0.04060913705583756
2 0.16857142857142857 0.5723350253807106 0.13428571428571429 0.053299492385786795
2 0.5721428571428572 0.5634517766497461 0.2757142857142857 0.06598984771573603
2 0.5692857142857143 0.6167512690355329 0.13 0.07614213197969542
2 0.4185714285714286 0.7373096446700507 0.05714285714285714 0.053299492385786795
2 0.47285714285714286 0.7791878172588832 0.13428571428571429 0.035532994923857864
2 0.45714285714285713 0.8223350253807106 0.14 0.07106598984771573
2 0.6578571428571428 0.7538071065989848 0.09 0.08121827411167512
2 0.055 0.6954314720812182 0.08714285714285715 0.07614213197969542
2 0.08571428571428572 0.7474619289340101 0.07714285714285714 0.053299492385786795
2 0.26071428571428573 0.8020304568527918 0.15 0.055837563451776644
