2 0.5625 0.42791666666666667 0.02375 0.0825
2 0.54125 0.30625 0.02 0.08750000000000001
2 0.6053125 0.39375000000000004 0.018125 0.10250000000000001
2 0.5953125 0.39416666666666667 0.010625 0.04666666666666667
2 0.5665625 0.30041666666666667 0.020625 0.08583333333333334
2 0.35125 0.15583333333333335 0.0125 0.04166666666666667
2 0.36375 0.11833333333333335 0.01 0.035
2 0.374375 0.07791666666666668 0.01375 0.052500000000000005
2 0.38906250000000003 0.16416666666666668 0.014375 0.03333333333333333
2 0.395625 0.11666666666666667 0.015 0.03166666666666667
2 0.5846875 0.6175 0.014375 0.07
2 0.5271875 0.24708333333333335 0.023125 0.06916666666666667
2 0.586875 0.47000000000000003 0.01625 0.04833333333333334
2 0.60875 0.49750000000000005 0.01375 0.07
2 0.5975 0.5333333333333333 0.02 0.060000000000000005
