1 0.626953125 0.51953125 0.08984375 0.09375
1 0.65234375 0.650390625 0.0625 0.08203125
1 0.80078125 0.533203125 0.0625 0.10546875
1 0.3046875 0.79296875 0.2890625 0.265625
1 0.14453125 0.345703125 0.25 0.54296875
1 0.6640625 0.1640625 0.2421875 0.2890625
2 0.4921875 0.609375 0.0625 0.6171875
2 0.421875 0.203125 0.078125 0.390625
1 0.43359375 0.34765625 0.046875 0.09375
2 0.345703125 0.107421875 0.07421875 0.20703125
1 0.921875 0.697265625 0.140625 0.12890625
2 0.9140625 0.55859375 0.0546875 0.1796875
