2 0.3092857142857143 0.6459390862944162 0.07857142857142857 0.04314720812182741
2 0.3792857142857143 0.6535532994923857 0.05285714285714286 0.03807106598984771
2 0.6064285714285714 0.6307106598984771 0.10714285714285714 0.053299492385786795
2 0.5128571428571429 0.7081218274111675 0.06 0.035532994923857864
2 0.6978571428571428 0.8756345177664974 0.06428571428571428 0.025380710659898477
2 0.7728571428571429 0.8540609137055837 0.07428571428571429 0.03807106598984771
2 0.8928571428571429 0.7601522842639593 0.07714285714285714 0.04314720812182741
2 0.30428571428571427 0.9175126903553299 0.04857142857142857 0.03807106598984771
2 0.3578571428571429 0.8591370558375634 0.055714285714285716 0.04314720812182741
2 0.4114285714285714 0.7893401015228426 0.07714285714285714 0.04060913705583756
2 0.7785714285714286 0.6611675126903552 0.08285714285714285 0.03807106598984771
2 0.12785714285714286 0.7563451776649746 0.07857142857142857 0.04060913705583756
2 0.17 0.6878172588832486 0.05714285714285714 0.035532994923857864
2 0.105 0.9403553299492385 0.04428571428571428 0.04314720812182741
2 0.32357142857142857 0.7309644670050761 0.04428571428571428 0.035532994923857864
2 0.45571428571428574 0.9365482233502538 0.054285714285714284 0.03045685279187817
2 0.42714285714285716 0.9060913705583755 0.04857142857142857 0.035532994923857864
2 0.6114285714285714 0.8946700507614213 0.05142857142857143 0.032994923857868015
2 0.5735714285714286 0.9390862944162436 0.06714285714285714 0.03045685279187817
2 0.9642857142857143 0.7296954314720812 0.06285714285714286 0.05837563451776649
2 0.9535714285714286 0.5913705583756345 0.08428571428571428 0.025380710659898477
2 0.6664285714285715 0.766497461928934 0.06142857142857143 0.035532994923857864
2 0.8 0.45177664974619286 0.07714285714285714 0.04060913705583756
2 0.8635714285714285 0.39213197969543145 0.06142857142857143 0.04314720812182741
2 0.6492857142857142 0.45304568527918776 0.07571428571428572 0.03807106598984771
2 0.26857142857142857 0.5101522842639593 0.09428571428571429 0.04060913705583756
