2 0.29 0.059322033898305086 0.07454545454545454 0.04116222760290557
2 0.6372727272727273 0.05569007263922519 0.11818181818181818 0.04842615012106538
2 0.6218181818181818 0.112590799031477 0.15272727272727274 0.026634382566585957
2 0.519090909090909 0.16464891041162227 0.15818181818181817 0.03389830508474576
2 0.10545454545454545 0.35956416464891044 0.13818181818181818 0.05084745762711865
2 0.26636363636363636 0.6162227602905569 0.1290909090909091 0.04116222760290557
2 0.82 0.14164648910411623 0.12 0.02179176755447942
2 0.8354545454545454 0.09927360774818403 0.14 0.04358353510895884
2 0.5636363636363636 0.21307506053268765 0.1709090909090909 0.03389830508474576
2 0.1572727272727273 0.2990314769975787 0.08545454545454545 0.026634382566585957
2 0.2309090909090909 0.23607748184019373 0.08727272727272728 0.036319612590799036
2 0.29454545454545455 0.1549636803874092 0.16363636363636364 0.0387409200968523
2 0.4390909090909091 0.7239709443099274 0.20545454545454545 0.06295399515738499
