2 0.43456375838926176 0.4838709677419355 0.0436241610738255 0.19354838709677422
2 0.3959731543624161 0.7970430107526882 0.060402684563758385 0.10483870967741936
2 0.7600671140939597 0.7137096774193549 0.0436241610738255 0.1424731182795699
2 0.4748322147651007 0.7970430107526882 0.05704697986577181 0.1532258064516129
2 0.8070469798657718 0.5080645161290323 0.050335570469798654 0.22043010752688175
2 0.6359060402684563 0.46370967741935487 0.050335570469798654 0.239247311827957
2 0.6258389261744967 0.8252688172043011 0.03691275167785235 0.22580645161290325
2 0.9077181208053691 0.29301075268817206 0.03691275167785235 0.12903225806451613
2 0.2030201342281879 0.9099462365591399 0.050335570469798654 0.07795698924731183
2 0.3422818791946309 0.34408602150537637 0.040268456375838924 0.14516129032258066
2 0.49328859060402686 0.06451612903225806 0.03355704697986577 0.06451612903225806
2 0.7902684563758389 0.23252688172043012 0.03691275167785235 0.18010752688172044
2 0.6963087248322147 0.06317204301075269 0.0436241610738255 0.12634408602150538
