2 0.7357859531772575 0.11051212938005392 0.05351170568561873 0.18328840970350405
2 0.7023411371237458 0.29380053908355797 0.06020066889632107 0.15094339622641512
2 0.6672240802675585 0.3221024258760108 0.03678929765886287 0.08355795148247978
2 0.6086956521739131 0.3032345013477089 0.033444816053511704 0.11590296495956874
2 0.617056856187291 0.5256064690026955 0.043478260869565216 0.21024258760107817
2 0.43645484949832775 0.6212938005390836 0.056856187290969896 0.22911051212938008
2 0.3695652173913043 0.8463611859838276 0.056856187290969896 0.1940700808625337
2 0.3729096989966555 0.22506738544474394 0.0903010033444816 0.2722371967654987
2 0.23578595317725753 0.5714285714285715 0.06354515050167224 0.11320754716981132
2 0.31438127090301005 0.7264150943396227 0.06020066889632107 0.1266846361185984
2 0.30267558528428096 0.8975741239892184 0.043478260869565216 0.08086253369272238
2 0.1939799331103679 0.9137466307277629 0.06688963210702341 0.1293800539083558
2 0.15217391304347827 0.9393530997304582 0.05016722408026756 0.09433962264150944
2 0.5468227424749164 0.2830188679245283 0.043478260869565216 0.09164420485175202
2 0.705685618729097 0.807277628032345 0.046822742474916385 0.1266846361185984
