0 0.4140625 0.48046875 0.171875 0.5625
0 0.576171875 0.369140625 0.12890625 0.73046875
1 0.298828125 0.42578125 0.07421875 0.09375
2 0.236328125 0.8046875 0.03515625 0.1640625
1 0.724609375 0.203125 0.05078125 0.0546875
1 0.498046875 0.3125 0.05078125 0.1953125
1 0.478515625 0.58203125 0.05859375 0.0625
1 0.63671875 0.068359375 0.046875 0.05859375
1 0.82421875 0.603515625 0.0390625 0.07421875
1 0.703125 0.638671875 0.0859375 0.05078125
1 0.716796875 0.302734375 0.05859375 0.12109375
1 0.826171875 0.208984375 0.08203125 0.08203125
2 0.55078125 0.90625 0.0546875 0.15625
