0 0.443359375 0.59765625 0.14453125 0.734375
0 0.95703125 0.171875 0.0546875 0.234375
2 0.626953125 0.099609375 0.02734375 0.07421875
2 0.5703125 0.435546875 0.0625 0.19140625
2 0.5625 0.75 0.0546875 0.1328125
2 0.71484375 0.5625 0.0703125 0.1953125
2 0.759765625 0.091796875 0.06640625 0.19140625
2 0.71484375 0.7890625 0.0703125 0.078125
2 0.58984375 0.921875 0.1171875 0.140625
1 0.615234375 0.4140625 0.04296875 0.046875
1 0.595703125 0.357421875 0.03515625 0.04296875
1 0.525390625 0.439453125 0.05078125 0.02734375
1 0.40625 0.8984375 0.0390625 0.046875
1 0.69140625 0.34765625 0.0546875 0.0546875
1 0.923828125 0.15234375 0.04296875 0.03125
1 0.783203125 0.12890625 0.03515625 0.0390625
1 0.68359375 0.0703125 0.0546875 0.0546875
