0 0.53125 0.5078125 0.15625 0.59375
0 0.80078125 0.416015625 0.078125 0.09765625
2 0.78515625 0.623046875 0.0546875 0.13671875
2 0.830078125 0.712890625 0.05078125 0.10546875
2 0.908203125 0.380859375 0.04296875 0.09765625
2 0.296875 0.77734375 0.0390625 0.09375
2 0.74609375 0.078125 0.0625 0.1484375
1 0.6015625 0.25 0.0234375 0.0625
1 0.560546875 0.26953125 0.05078125 0.0625
1 0.466796875 0.28125 0.05078125 0.0546875
1 0.45703125 0.224609375 0.0390625 0.04296875
1 0.59765625 0.6328125 0.0390625 0.0390625
1 0.58203125 0.697265625 0.0625 0.05078125
1 0.66015625 0.431640625 0.0625 0.05078125
1 0.62109375 0.341796875 0.109375 0.06640625
1 0.658203125 0.255859375 0.05859375 0.08984375
1 0.818359375 0.658203125 0.04296875 0.03515625
1 0.77734375 0.693359375 0.046875 0.05078125
1 0.806640625 0.767578125 0.04296875 0.04296875
1 0.595703125 0.1015625 0.10546875 0.1171875
1 0.341796875 0.306640625 0.15234375 0.12109375
1 0.947265625 0.80078125 0.08984375 0.1015625
