0 0.58203125 0.6015625 0.1328125 0.5859375
2 0.9375 0.32421875 0.046875 0.078125
2 0.70703125 0.384765625 0.046875 0.06640625
2 0.755859375 0.947265625 0.05078125 0.08984375
1 0.40234375 0.591796875 0.109375 0.13671875
1 0.423828125 0.7265625 0.08984375 0.0859375
1 0.423828125 0.837890625 0.05859375 0.08203125
1 0.32421875 0.818359375 0.078125 0.12890625
1 0.828125 0.763671875 0.0546875 0.05078125
2 0.6640625 0.744140625 0.0390625 0.05859375
2 0.697265625 0.65234375 0.05859375 0.0546875
1 0.4453125 0.4296875 0.109375 0.0625
1 0.955078125 0.6875 0.05859375 0.0703125
