2 0.50546875 0.19270833333333334 0.2015625 0.07708333333333334
2 0.44765625000000003 0.28020833333333334 0.21406250000000002 0.06458333333333333
2 0.6570312500000001 0.26666666666666666 0.1703125 0.075
2 0.66328125 0.42916666666666664 0.11093750000000001 0.06666666666666667
2 0.3171875 0.5229166666666667 0.22812500000000002 0.05
2 0.26406250000000003 0.24895833333333334 0.08750000000000001 0.04375
2 0.9320312500000001 0.03125 0.1265625 0.0625
2 0.946875 0.23333333333333334 0.07187500000000001 0.041666666666666664
2 0.925 0.4270833333333333 0.12812500000000002 0.04583333333333333
2 0.2078125 0.9677083333333333 0.15937500000000002 0.04791666666666666
