1 0.275390625 0.322265625 0.06640625 0.06640625
1 0.25390625 0.470703125 0.109375 0.21484375
1 0.861328125 0.248046875 0.08984375 0.12109375
1 0.888671875 0.474609375 0.05859375 0.08203125
1 0.794921875 0.4765625 0.05078125 0.0546875
1 0.224609375 0.841796875 0.08203125 0.07421875
1 0.330078125 0.77734375 0.05859375 0.0703125
1 0.15625 0.056640625 0.0546875 0.08984375
1 0.298828125 0.0625 0.08203125 0.0859375
0 0.419921875 0.6328125 0.16015625 0.7109375
1 0.50390625 0.3203125 0.0625 0.0625
1 0.50390625 0.478515625 0.0546875 0.06640625
1 0.37109375 0.462890625 0.0546875 0.05078125
1 0.41796875 0.28515625 0.0390625 0.0546875
